running ljmd without optimizations
LJMD version 1.200
Startup time:      0.004s
Starting simulation with 108 atoms for 10000 steps.
     NFI            TEMP            EKIN                 EPOT              ETOT
       0          72.64160016          23.16879686        -160.48438434        -137.31558748
     100          65.43323663          20.86971328        -158.26635748        -137.39664420
     200          59.79291673          19.07075200        -156.47936252        -137.40861052
     300          57.64514280          18.38572665        -155.78652892        -137.40080228
     400          60.30123889          19.23287966        -156.54009116        -137.30721150
     500          61.72762728          19.68782150        -157.10161687        -137.41379537
     600          57.14347223          18.22572049        -155.66135485        -137.43563437
     700          59.33906643          18.92599796        -156.26728969        -137.34129173
     800          59.75647587          19.05912931        -156.36554426        -137.30641495
     900          54.35607344          17.33668891        -154.79957079        -137.46288188
    1000          58.38087656          18.62038648        -155.96230669        -137.34192021
    1100          59.80933564          19.07598876        -156.35932099        -137.28333224
    1200          59.35800355          18.93203789        -156.26587665        -137.33383876
    1300          62.28306286          19.86497583        -157.10909906        -137.24412324
    1400          56.93168792          18.15817258        -155.44501733        -137.28684474
    1500          58.26383349          18.58305599        -155.91700555        -137.33394956
    1600          57.40448498          18.30896964        -155.68941538        -137.38044574
    1700          62.93329516          20.07236526        -157.42260553        -137.35024027
    1800          53.45890134          17.05053885        -154.52525666        -137.47471781
    1900          59.48052540          18.97111582        -156.30527788        -137.33416206
    2000          62.75114394          20.01426874        -157.30132634        -137.28705761
    2100          57.86465887          18.45574057        -155.66814504        -137.21240447
    2200          60.48709291          19.29215719        -156.59447068        -137.30231349
    2300          53.81193893          17.16313902        -154.43944722        -137.27630821
    2400          59.52572194          18.98553111        -156.33952787        -137.35399675
    2500          58.92686585          18.79452795        -156.03041541        -137.23588746
    2600          61.65941060          19.66606401        -156.94491184        -137.27884783
    2700          58.81987813          18.76040457        -156.07031128        -137.30990671
    2800          53.15475446          16.95353221        -154.26693033        -137.31339812
    2900          54.95193287          17.52673629        -154.82877243        -137.30203614
    3000          55.99963477          17.86089733        -155.23428925        -137.37339192
    3100          56.97369878          18.17157181        -155.46229951        -137.29072770
    3200          54.82660760          17.48676421        -154.82425931        -137.33749510
    3300          58.17829677          18.55577433        -155.99088537        -137.43511104
    3400          57.28761071          18.27169297        -155.64132140        -137.36962843
    3500          55.43527751          17.68089746        -155.09613653        -137.41523907
    3600          55.08688979          17.56978035        -155.00142329        -137.43164293
    3700          56.84785277          18.13143364        -155.56343771        -137.43200407
    3800          51.62371894          16.46521353        -153.98184780        -137.51663427
    3900          52.18996259          16.64581505        -154.10785410        -137.46203905
    4000          52.04656382          16.60007849        -153.99306606        -137.39298757
    4100          56.74152366          18.09752033        -155.56836127        -137.47084094
    4200          51.99622571          16.58402332        -154.04210965        -137.45808633
    4300          51.52730329          16.43446208        -153.89678834        -137.46232627
    4400          53.09049345          16.93303638        -154.37632425        -137.44328787
    4500          55.29208351          17.63522621        -154.99607382        -137.36084761
    4600          50.51256642          16.11081512        -153.47869823        -137.36788311
    4700          54.83448522          17.48927676        -154.82547034        -137.33619358
    4800          51.58581153          16.45312308        -153.90675479        -137.45363171
    4900          44.19403835          14.09554160        -151.44178900        -137.34624740
    5000          51.38618162          16.38945179        -153.81976348        -137.43031169
    5100          51.58092844          16.45156564        -153.88916471        -137.43759908
    5200          52.13938696          16.62968413        -153.91400173        -137.28431760
    5300          55.64767467          17.74864083        -155.13134064        -137.38269981
    5400          51.63580043          16.46906688        -153.85554789        -137.38648101
    5500          51.46478502          16.41452208        -153.78560313        -137.37108105
    5600          50.83707726          16.21431678        -153.55413358        -137.33981680
    5700          52.36648393          16.70211595        -154.14768976        -137.44557381
    5800          53.44256016          17.04532688        -154.41244612        -137.36711923
    5900          55.98432195          17.85601336        -155.28225640        -137.42624304
    6000          54.61153850          17.41816864        -154.93051945        -137.51235081
    6100          56.35738459          17.97500045        -155.41703623        -137.44203578
    6200          49.51811930          15.79363952        -153.17547564        -137.38183612
    6300          52.82866229          16.84952620        -154.32583428        -137.47630808
    6400          52.05142108          16.60162770        -153.95707000        -137.35544230
    6500          52.64123824          16.78974792        -154.24254513        -137.45279721
    6600          53.60393358          17.09679640        -154.44768732        -137.35089092
    6700          54.87696192          17.50282456        -154.85807288        -137.35524832
    6800          48.78763933          15.56065536        -152.95097291        -137.39031755
    6900          53.70155969          17.12793393        -154.55775573        -137.42982181
    7000          52.48279273          16.73921225        -154.14492267        -137.40571042
    7100          47.22549910          15.06241593        -152.49179656        -137.42938063
    7200          51.24268245          16.34368320        -153.71081654        -137.36713333
    7300          53.32667932          17.00836708        -154.36360853        -137.35524146
    7400          54.20057762          17.28709403        -154.61138183        -137.32428779
    7500          52.39167669          16.71015110        -154.07337863        -137.36322753
    7600          48.53627260          15.48048278        -152.85896712        -137.37848434
    7700          48.45063068          15.45316758        -152.89042337        -137.43725580
    7800          49.26350459          15.71243101        -153.13422165        -137.42179064
    7900          56.44525381          18.00302604        -155.39693855        -137.39391250
    8000          44.57353224          14.21657992        -151.51211067        -137.29553075
    8100          54.50563795          17.38439201        -154.73187834        -137.34748633
    8200          53.97517795          17.21520356        -154.54312464        -137.32792109
    8300          46.60324509          14.86395008        -152.10909168        -137.24514160
    8400          49.73181809          15.86179804        -153.14267540        -137.28087736
    8500          47.53535411          15.16124315        -152.46521551        -137.30397236
    8600          55.74220980          17.77879249        -155.19805934        -137.41926685
    8700          50.42966992          16.08437556        -153.42002513        -137.33564957
    8800          52.01211344          16.58909066        -153.99278506        -137.40369440
    8900          48.96335562          15.61669949        -152.92524330        -137.30854381
    9000          51.50740419          16.42811532        -153.79997399        -137.37185867
    9100          51.06517498          16.28706778        -153.61569026        -137.32862247
    9200          54.62531003          17.42256102        -154.66537083        -137.24280981
    9300          51.26021032          16.34927366        -153.64589873        -137.29662507
    9400          50.91894688          16.24042882        -153.67439570        -137.43396688
    9500          55.33255045          17.64813300        -154.91063122        -137.26249821
    9600          56.87952290          18.14153473        -155.47847444        -137.33693971
    9700          54.89560927          17.50877207        -154.88085508        -137.37208301
    9800          52.68498035          16.80369933        -154.21815191        -137.41445259
    9900          51.66626586          16.47878372        -153.92381178        -137.44502805
   10000          51.16816210          16.31991518        -153.70936261        -137.38944743
Simulation Done. Run time: 0.8757920265s
LJMD version 1.200
Startup time:      0.041s
Starting simulation with 2916 atoms for 1000 steps.
     NFI            TEMP            EKIN                 EPOT              ETOT
       0          71.99368194         625.55751531       -4527.08079059       -3901.52327528
      10          68.60831055         596.14181574       -4497.58079022       -3901.43897448
      20          64.89174443         563.84834495       -4465.41237132       -3901.56402636
      30          64.77953782         562.87337480       -4464.45884194       -3901.58546713
      40          65.07687785         565.45698058       -4467.29673078       -3901.83975020
      50          61.95477889         538.32887135       -4440.15998060       -3901.83110925
      60          61.17560473         531.55857934       -4433.35990407       -3901.80132473
      70          66.08898965         574.25128208       -4476.05680362       -3901.80552154
      80          68.51477355         595.32906702       -4497.18783244       -3901.85876542
      90          66.90889172         581.37546136       -4483.37711146       -3902.00165010
     100          64.68929464         562.08924631       -4464.30521481       -3902.21596850
     110          63.11427415         548.40379674       -4450.24254165       -3901.83874491
     120          61.89642500         537.82183080       -4439.77485409       -3901.95302329
     130          58.55937697         508.82601597       -4410.97100587       -3902.14498990
     140          55.58853458         483.01218429       -4385.21761508       -3902.20543079
     150          57.82444851         502.44017752       -4404.77139596       -3902.33121843
     160          60.49428299         525.63853291       -4428.10427066       -3902.46573775
     170          59.00832374         512.72694192       -4415.25886111       -3902.53191920
     180          58.15325973         505.29723838       -4407.88234786       -3902.58510948
     190          58.83655239         511.23441013       -4413.94815702       -3902.71374689
     200          59.26234200         514.93412213       -4417.65526119       -3902.72113906
     210          57.92443190         503.30893927       -4406.11666239       -3902.80772312
     220          54.62171098         474.61139480       -4377.16142114       -3902.55002633
     230          54.11383283         470.19841037       -4372.47907328       -3902.28066291
     240          58.39588842         507.40545389       -4409.46098322       -3902.05552933
     250          62.82054984         545.85160822       -4447.81352381       -3901.96191559
     260          64.22535272         558.05802652       -4460.17923030       -3902.12120378
     270          62.38742480         542.08815820       -4444.17187906       -3902.08372085
     280          58.13946915         505.17741113       -4407.57637240       -3902.39896126
     290          55.29755813         480.48387214       -4382.68036577       -3902.19649363
     300          56.62733142         492.03835369       -4394.45761140       -3902.41925771
     310          58.49375542         508.25582628       -4410.76096637       -3902.50514008
     320          57.71507583         501.48983161       -4404.10198481       -3902.61215321
     330          57.46641396         499.32919335       -4401.83021399       -3902.50102064
     340          57.23595346         497.32670793       -4399.80696012       -3902.48025219
     350          56.21427754         488.44930325       -4390.69320909       -3902.24390584
     360          56.80425376         493.57564274       -4395.85697645       -3902.28133371
     370          56.18468041         488.19213195       -4390.35637764       -3902.16424569
     380          54.09907897         470.07021322       -4372.09164774       -3902.02143453
     390          55.45982997         481.89386210       -4383.87946509       -3901.98560300
     400          59.05231702         513.10920223       -4415.00195546       -3901.89275323
     410          60.52608075         525.91482565       -4427.97978627       -3902.06496061
     420          57.71496207         501.48884309       -4403.86165740       -3902.37281432
     430          56.33019355         489.45650453       -4391.88472745       -3902.42822293
     440          57.28467538         497.75005570       -4400.02972874       -3902.27967304
     450          59.11158124         513.62415269       -4415.81365847       -3902.18950578
     460          63.41386366         551.00694833       -4453.20167934       -3902.19473101
     470          63.57471252         552.40457395       -4454.42772616       -3902.02315221
     480          58.99526581         512.61348076       -4414.49784063       -3901.88435987
     490          57.56030899         500.14505301       -4401.93622623       -3901.79117322
     500          60.11214716         522.31813131       -4424.10537657       -3901.78724526
     510          61.15153721         531.34945511       -4432.99589687       -3901.64644176
     520          62.83081934         545.94084049       -4447.52615511       -3901.58531461
     530          66.58419641         578.55416397       -4480.14877400       -3901.59461003
     540          64.58496728         561.18273950       -4462.99140251       -3901.80866301
     550          60.69239119         527.35990725       -4429.34491825       -3901.98501101
     560          60.37576986         524.60876509       -4426.77639169       -3902.16762660
     570          59.62512759         518.08638838       -4420.22217873       -3902.13579035
     580          56.62268726         491.99800033       -4394.14486126       -3902.14686093
     590          54.45871686         473.19512886       -4375.35660721       -3902.16147835
     600          56.55446482         491.40521139       -4393.61490809       -3902.20969670
     610          61.52344897         534.58101926       -4436.82027124       -3902.23925198
     620          63.45926051         551.40140431       -4453.70177589       -3902.30037158
     630          59.46264952         516.67460648       -4419.05396080       -3902.37935431
     640          54.27633377         471.61039101       -4373.83354472       -3902.22315371
     650          54.96918664         477.63063209       -4379.70574246       -3902.07511036
     660          58.09736402         504.81155712       -4406.84240181       -3902.03084468
     670          60.19447688         523.03349926       -4425.21548022       -3902.18198096
     680          61.52194541         534.56795468       -4436.58464091       -3902.01668622
     690          60.66117803         527.08869415       -4429.12062348       -3902.03192933
     700          58.49642022         508.27898086       -4410.43319534       -3902.15421448
     710          56.90866952         494.48291776       -4396.68041018       -3902.19749242
     720          57.30154843         497.89666664       -4400.09607005       -3902.19940341
     730          58.34705691         506.98115391       -4409.24682682       -3902.26567291
     740          57.75034818         501.79631522       -4404.07250371       -3902.27618849
     750          54.87826098         476.84057346       -4379.20257485       -3902.36200139
     760          52.52217289         456.36837964       -4358.50079238       -3902.13241274
     770          55.85631529         485.33894735       -4387.40341457       -3902.06446722
     780          59.35043617         515.69957781       -4417.83378321       -3902.13420541
     790          60.07100807         521.96067119       -4424.01966178       -3902.05899059
     800          58.91478868         511.91421009       -4414.13690822       -3902.22269812
     810          58.73359183         510.33977955       -4412.39607586       -3902.05629631
     820          60.41735261         524.97008013       -4426.98794967       -3902.01786953
     830          60.51743677         525.83971756       -4427.94396558       -3902.10424801
     840          57.31576411         498.02018759       -4400.02924915       -3902.00906156
     850          53.88920238         468.24658269       -4370.18209411       -3901.93551143
     860          53.72754135         466.84190005       -4368.90963670       -3902.06773664
     870          56.52690758         491.16576478       -4393.20093949       -3902.03517471
     880          58.38940040         507.34907909       -4409.42182431       -3902.07274522
     890          58.16698767         505.41652124       -4407.52064621       -3902.10412497
     900          57.72669244         501.59076905       -4403.46853413       -3901.87776508
     910          57.74326755         501.73479115       -4403.54208881       -3901.80729766
     920          56.44846903         490.48420746       -4392.46089736       -3901.97668990
     930          54.74663307         475.69685046       -4377.58995216       -3901.89310170
     940          53.42505845         464.21360763       -4366.01776068       -3901.80415305
     950          53.41825759         464.15451452       -4366.15606336       -3902.00154883
     960          54.86798357         476.75127239       -4378.80550350       -3902.05423111
     970          56.08285345         487.30735129       -4389.41969563       -3902.11234434
     980          56.46581412         490.63491999       -4392.83605285       -3902.20113286
     990          57.72988691         501.61852597       -4403.72887964       -3902.11035367
    1000          60.24508534         523.47323926       -4425.11992013       -3901.64668087
Simulation Done. Run time: 33.3646011353s
LJMD version 1.200
Startup time:      9.849s
Starting simulation with 78732 atoms for 20 steps.
     NFI            TEMP            EKIN                 EPOT              ETOT
       0          71.96990686       16890.05291324     -122097.78543738     -105207.73252415
       5          70.75285384       16604.43228639     -121809.07486244     -105204.64257605
      10          68.54614858       16086.55793729     -121291.84036390     -105205.28242661
      15          66.28981949       15557.03776251     -120761.98955692     -105204.95179440
      20          64.75450416       15196.72665073     -120405.58768951     -105208.86103878
Simulation Done. Run time: 193.0098819733s
