running hybrid ljmd with 1 process 32 threads
Running with OpenMPI using 1 process
Running with OpenMP using 32 threads
LJMD version 1.500
Startup time: 0.0039250851s
Starting simulation with 108 atoms for 10000 steps.
     NFI            TEMP            EKIN                 EPOT              ETOT
       0          72.64160016          23.16879686        -160.48438434        -137.31558748
     100          65.43323663          20.86971328        -158.26635748        -137.39664420
     200          59.79291673          19.07075200        -156.47936252        -137.40861052
     300          57.64514280          18.38572665        -155.78652892        -137.40080228
     400          60.30123889          19.23287966        -156.54009116        -137.30721150
     500          61.72762728          19.68782150        -157.10161687        -137.41379537
     600          57.14347223          18.22572049        -155.66135485        -137.43563437
     700          59.33906643          18.92599796        -156.26728969        -137.34129173
     800          59.75647587          19.05912931        -156.36554426        -137.30641495
     900          54.35607344          17.33668891        -154.79957079        -137.46288188
    1000          58.38087656          18.62038648        -155.96230669        -137.34192021
    1100          59.80933564          19.07598876        -156.35932099        -137.28333224
    1200          59.35800355          18.93203789        -156.26587665        -137.33383876
    1300          62.28306286          19.86497583        -157.10909906        -137.24412324
    1400          56.93168792          18.15817258        -155.44501733        -137.28684474
    1500          58.26383349          18.58305599        -155.91700555        -137.33394956
    1600          57.40448498          18.30896964        -155.68941538        -137.38044574
    1700          62.93329516          20.07236526        -157.42260553        -137.35024027
    1800          53.45890134          17.05053885        -154.52525666        -137.47471781
    1900          59.48052540          18.97111582        -156.30527788        -137.33416206
    2000          62.75114394          20.01426874        -157.30132634        -137.28705761
    2100          57.86465886          18.45574056        -155.66814504        -137.21240447
    2200          60.48709291          19.29215718        -156.59447068        -137.30231349
    2300          53.81193893          17.16313902        -154.43944722        -137.27630821
    2400          59.52572192          18.98553110        -156.33952786        -137.35399675
    2500          58.92686582          18.79452794        -156.03041540        -137.23588745
    2600          61.65941059          19.66606401        -156.94491184        -137.27884783
    2700          58.81987813          18.76040457        -156.07031129        -137.30990671
    2800          53.15475448          16.95353222        -154.26693034        -137.31339812
    2900          54.95193274          17.52673625        -154.82877239        -137.30203614
    3000          55.99963505          17.86089742        -155.23428935        -137.37339193
    3100          56.97369852          18.17157173        -155.46229945        -137.29072773
    3200          54.82660796          17.48676433        -154.82425945        -137.33749513
    3300          58.17829299          18.55577313        -155.99088419        -137.43511106
    3400          57.28762049          18.27169609        -155.64132456        -137.36962846
    3500          55.43528464          17.68089973        -155.09613889        -137.41523916
    3600          55.08690091          17.56978390        -155.00142704        -137.43164314
    3700          56.84784119          18.13142995        -155.56343441        -137.43200446
    3800          51.62374718          16.46522253        -153.98185723        -137.51663469
    3900          52.18995103          16.64581137        -154.10785072        -137.46203935
    4000          52.04638886          16.60002269        -153.99302657        -137.39300388
    4100          56.74222328          18.09774347        -155.56859895        -137.47085549
    4200          51.99618150          16.58400922        -154.04212322        -137.45811400
    4300          51.52593085          16.43402434        -153.89634880        -137.46232446
    4400          53.08919220          16.93262135        -154.37592777        -137.44330642
    4500          55.29028184          17.63465157        -154.99562091        -137.36096934
    4600          50.51253410          16.11080482        -153.47484982        -137.36404500
    4700          54.84786877          17.49354539        -154.83387567        -137.34033027
    4800          51.57529948          16.44977030        -153.90768157        -137.45791127
    4900          44.16125672          14.08508601        -151.43551435        -137.35042834
    5000          51.47327178          16.41722890        -153.85189823        -137.43466933
    5100          51.91175822          16.55708270        -153.98730394        -137.43022124
    5200          51.78751782          16.51745663        -153.84559746        -137.32814083
    5300          54.77381140          17.46992504        -154.87986133        -137.40993629
    5400          50.67916764          16.16395203        -153.51484126        -137.35088923
    5500          51.43593594          16.40532076        -153.75668586        -137.35136510
    5600          50.15890867          15.99801716        -153.28302201        -137.28500485
    5700          54.09302450          17.25279032        -154.65504766        -137.40225734
    5800          54.70247191          17.44717155        -154.80996122        -137.36278967
    5900          51.72359702          16.49706931        -153.83240187        -137.33533256
    6000          51.16466431          16.31879958        -153.72835129        -137.40955172
    6100          52.22241502          16.65616565        -154.13199660        -137.47583095
    6200          50.01741407          15.95288793        -153.22209239        -137.26920446
    6300          50.32312765          16.05039426        -153.51482672        -137.46443246
    6400          53.49967544          17.06354361        -154.45666147        -137.39311786
    6500          49.39944553          15.75578892        -153.21962846        -137.46383954
    6600          50.31673663          16.04835586        -153.44589995        -137.39754408
    6700          53.41093900          17.03524142        -154.44869995        -137.41345853
    6800          53.90559605          17.19301064        -154.53998155        -137.34697091
    6900          57.08391318          18.20672432        -155.56563595        -137.35891162
    7000          54.49221003          17.38010922        -154.74284320        -137.36273398
    7100          51.95414021          16.57060029        -153.97166800        -137.40106771
    7200          53.28182537          16.99406106        -154.32105770        -137.32699664
    7300          53.69717744          17.12653622        -154.48107945        -137.35454323
    7400          50.88848568          16.23071332        -153.59351728        -137.36280396
    7500          48.01074997          15.31286908        -152.65562570        -137.34275662
    7600          52.99597460          16.90288991        -154.24191872        -137.33902881
    7700          51.55398924          16.44297347        -153.75497992        -137.31200645
    7800          52.83970273          16.85304751        -154.16882654        -137.31577902
    7900          54.36156730          17.33844116        -154.70898032        -137.37053916
    8000          58.84248180          18.76761394        -156.14234673        -137.37473279
    8100          48.63901268          15.51325139        -152.87218718        -137.35893579
    8200          51.67222102          16.48068310        -153.84753999        -137.36685689
    8300          49.99440127          15.94554807        -153.33920166        -137.39365359
    8400          49.86015095          15.90272938        -153.23755649        -137.33482712
    8500          47.42055851          15.12462948        -152.46333598        -137.33870650
    8600          51.42522893          16.40190580        -153.80294947        -137.40104367
    8700          50.57850253          16.13184523        -153.47867414        -137.34682891
    8800          47.50810006          15.15255057        -152.54590909        -137.39335853
    8900          50.93169258          16.24449402        -153.67751354        -137.43301953
    9000          47.20811090          15.05687002        -152.45432400        -137.39745397
    9100          48.03162494          15.31952708        -152.70142643        -137.38189935
    9200          50.71644948          16.17584295        -153.62928599        -137.45344305
    9300          48.59424799          15.49897384        -152.92863983        -137.42966600
    9400          51.29871334          16.36155407        -153.75149965        -137.38994558
    9500          44.45790783          14.17970190        -151.51409783        -137.33439594
    9600          49.99545123          15.94588295        -153.39082190        -137.44493895
    9700          51.29932431          16.36174894        -153.76861667        -137.40686774
    9800          51.60605024          16.45957815        -153.78806756        -137.32848941
    9900          53.16529199          16.95689312        -154.39058584        -137.43369271
   10000          55.12274050          17.58121482        -154.94899922        -137.36778441
Simulation Done. Run time: 8.1209421158s
Running with OpenMPI using 1 process
Running with OpenMP using 32 threads
LJMD version 1.500
Startup time: 0.0469019413s
Starting simulation with 2916 atoms for 1000 steps.
     NFI            TEMP            EKIN                 EPOT              ETOT
       0          71.99368194         625.55751531       -4527.08079059       -3901.52327528
      10          68.60831055         596.14181574       -4497.58079022       -3901.43897448
      20          64.89174443         563.84834495       -4465.41237132       -3901.56402636
      30          64.77953782         562.87337480       -4464.45884194       -3901.58546713
      40          65.07687785         565.45698058       -4467.29673078       -3901.83975020
      50          61.95477889         538.32887135       -4440.15998060       -3901.83110925
      60          61.17560473         531.55857934       -4433.35990407       -3901.80132473
      70          66.08898965         574.25128208       -4476.05680362       -3901.80552154
      80          68.51477355         595.32906702       -4497.18783244       -3901.85876542
      90          66.90889172         581.37546136       -4483.37711146       -3902.00165010
     100          64.68929464         562.08924631       -4464.30521481       -3902.21596850
     110          63.11427415         548.40379674       -4450.24254165       -3901.83874491
     120          61.89642500         537.82183080       -4439.77485409       -3901.95302329
     130          58.55937697         508.82601597       -4410.97100587       -3902.14498990
     140          55.58853458         483.01218429       -4385.21761508       -3902.20543079
     150          57.82444851         502.44017752       -4404.77139596       -3902.33121843
     160          60.49428299         525.63853291       -4428.10427066       -3902.46573775
     170          59.00832374         512.72694192       -4415.25886111       -3902.53191920
     180          58.15325973         505.29723838       -4407.88234786       -3902.58510948
     190          58.83655239         511.23441013       -4413.94815702       -3902.71374689
     200          59.26234200         514.93412213       -4417.65526119       -3902.72113906
     210          57.92443190         503.30893927       -4406.11666239       -3902.80772312
     220          54.62171098         474.61139480       -4377.16142114       -3902.55002633
     230          54.11383283         470.19841037       -4372.47907328       -3902.28066291
     240          58.39588842         507.40545389       -4409.46098322       -3902.05552933
     250          62.82054984         545.85160822       -4447.81352381       -3901.96191559
     260          64.22535272         558.05802652       -4460.17923030       -3902.12120378
     270          62.38742480         542.08815820       -4444.17187906       -3902.08372085
     280          58.13946915         505.17741113       -4407.57637240       -3902.39896126
     290          55.29755813         480.48387214       -4382.68036577       -3902.19649363
     300          56.62733142         492.03835369       -4394.45761140       -3902.41925771
     310          58.49375542         508.25582628       -4410.76096637       -3902.50514008
     320          57.71507583         501.48983161       -4404.10198481       -3902.61215321
     330          57.46641396         499.32919335       -4401.83021399       -3902.50102064
     340          57.23595346         497.32670793       -4399.80696012       -3902.48025219
     350          56.21427754         488.44930325       -4390.69320909       -3902.24390584
     360          56.80425376         493.57564274       -4395.85697645       -3902.28133371
     370          56.18468041         488.19213195       -4390.35637764       -3902.16424569
     380          54.09907897         470.07021322       -4372.09164774       -3902.02143453
     390          55.45982997         481.89386210       -4383.87946509       -3901.98560300
     400          59.05231702         513.10920223       -4415.00195546       -3901.89275323
     410          60.52608075         525.91482565       -4427.97978627       -3902.06496061
     420          57.71496207         501.48884309       -4403.86165740       -3902.37281432
     430          56.33019355         489.45650453       -4391.88472745       -3902.42822293
     440          57.28467538         497.75005570       -4400.02972874       -3902.27967304
     450          59.11158124         513.62415269       -4415.81365847       -3902.18950578
     460          63.41386366         551.00694833       -4453.20167934       -3902.19473101
     470          63.57471252         552.40457395       -4454.42772616       -3902.02315221
     480          58.99526581         512.61348076       -4414.49784063       -3901.88435987
     490          57.56030899         500.14505301       -4401.93622623       -3901.79117322
     500          60.11214716         522.31813131       -4424.10537657       -3901.78724526
     510          61.15153721         531.34945511       -4432.99589687       -3901.64644176
     520          62.83081934         545.94084049       -4447.52615511       -3901.58531461
     530          66.58419641         578.55416397       -4480.14877400       -3901.59461003
     540          64.58496728         561.18273950       -4462.99140251       -3901.80866301
     550          60.69239119         527.35990725       -4429.34491825       -3901.98501101
     560          60.37576986         524.60876509       -4426.77639169       -3902.16762660
     570          59.62512759         518.08638838       -4420.22217873       -3902.13579035
     580          56.62268726         491.99800033       -4394.14486126       -3902.14686093
     590          54.45871686         473.19512886       -4375.35660721       -3902.16147835
     600          56.55446482         491.40521139       -4393.61490809       -3902.20969670
     610          61.52344897         534.58101926       -4436.82027124       -3902.23925198
     620          63.45926051         551.40140431       -4453.70177589       -3902.30037158
     630          59.46264952         516.67460648       -4419.05396080       -3902.37935431
     640          54.27633377         471.61039101       -4373.83354472       -3902.22315371
     650          54.96918664         477.63063209       -4379.70574246       -3902.07511036
     660          58.09736402         504.81155712       -4406.84240181       -3902.03084468
     670          60.19447688         523.03349926       -4425.21548022       -3902.18198096
     680          61.52194541         534.56795468       -4436.58464091       -3902.01668622
     690          60.66117803         527.08869415       -4429.12062348       -3902.03192933
     700          58.49642022         508.27898086       -4410.43319534       -3902.15421448
     710          56.90866952         494.48291776       -4396.68041018       -3902.19749242
     720          57.30154843         497.89666664       -4400.09607005       -3902.19940341
     730          58.34705691         506.98115391       -4409.24682682       -3902.26567291
     740          57.75034818         501.79631522       -4404.07250371       -3902.27618849
     750          54.87826098         476.84057346       -4379.20257485       -3902.36200139
     760          52.52217289         456.36837964       -4358.50079238       -3902.13241274
     770          55.85631529         485.33894735       -4387.40341457       -3902.06446722
     780          59.35043617         515.69957781       -4417.83378321       -3902.13420541
     790          60.07100807         521.96067119       -4424.01966178       -3902.05899059
     800          58.91478868         511.91421009       -4414.13690822       -3902.22269812
     810          58.73359183         510.33977955       -4412.39607586       -3902.05629631
     820          60.41735261         524.97008013       -4426.98794967       -3902.01786953
     830          60.51743677         525.83971756       -4427.94396558       -3902.10424801
     840          57.31576411         498.02018759       -4400.02924915       -3902.00906156
     850          53.88920238         468.24658269       -4370.18209411       -3901.93551143
     860          53.72754135         466.84190005       -4368.90963670       -3902.06773664
     870          56.52690758         491.16576478       -4393.20093949       -3902.03517471
     880          58.38940040         507.34907909       -4409.42182431       -3902.07274522
     890          58.16698767         505.41652124       -4407.52064621       -3902.10412497
     900          57.72669244         501.59076905       -4403.46853413       -3901.87776508
     910          57.74326755         501.73479115       -4403.54208881       -3901.80729766
     920          56.44846903         490.48420746       -4392.46089736       -3901.97668990
     930          54.74663307         475.69685046       -4377.58995216       -3901.89310170
     940          53.42505845         464.21360763       -4366.01776068       -3901.80415305
     950          53.41825759         464.15451452       -4366.15606336       -3902.00154883
     960          54.86798357         476.75127239       -4378.80550350       -3902.05423111
     970          56.08285345         487.30735129       -4389.41969563       -3902.11234434
     980          56.46581412         490.63491999       -4392.83605285       -3902.20113286
     990          57.72988691         501.61852597       -4403.72887964       -3902.11035367
    1000          60.24508534         523.47323926       -4425.11992013       -3901.64668087
Simulation Done. Run time: 36.4920201302s
Running with OpenMPI using 1 process
Running with OpenMP using 32 threads
LJMD version 1.500
Startup time: 9.1620419025s
Starting simulation with 78732 atoms for 20 steps.
     NFI            TEMP            EKIN                 EPOT              ETOT
       0          71.96990686       16890.05291324     -122097.78543733     -105207.73252409
       5          70.75285384       16604.43228639     -121809.07486244     -105204.64257605
      10          68.54614858       16086.55793729     -121291.84036390     -105205.28242661
      15          66.28981949       15557.03776251     -120761.98955692     -105204.95179440
      20          64.75450416       15196.72665073     -120405.58768951     -105208.86103878
Simulation Done. Run time: 176.1174750328s
